Time,Angle1,Angle2,AngularVel1,AngularVel2
2.635369777679444,0.8796090538159965,0.0937599832224391,20.40209716190936,-44.097500322847566
2.650369167327881,1.1888469492410938,-0.5972780811250951,20.61669859061971,-46.07107892683622
2.665370225906372,1.4229890480008054,-1.1090419072201536,15.608371738207111,-34.11518083322698
2.6823618412017822,1.7510883818328862,-1.8297105180812403,19.30948459742425,-42.41319017243504
2.6983630657196045,1.8607695540637863,-2.114453111566947,6.854548669618162,-17.79505019559961
2.7134227752685547,1.9426577364200888,-2.3826151673649205,5.437567178180461,-17.806588827383262
2.7294366359710693,2.010340070728592,-2.859324222836589,4.226484516496061,-29.768527672831027
2.7444398403167725,1.9963134110547904,-3.075819402206156,-0.934910926399428,-14.42992939248808
2.7594306468963623,1.968175341608883,3.0026901613126027,-1.877021713042297,-13.653417684642555
2.7754220962524414,1.9258392652378475,2.8097081669147506,-2.6474195945811188,-12.067823878921306
2.791440010070801,1.833635419914284,2.476803643298954,-5.756295505715709,-20.783263500533312
2.808424711227417,1.787078269662124,2.341498344414076,-2.7411227211391904,-7.966304360449181
2.82842230796814,1.6838165842444115,2.103078955805394,-5.163704756953762,-11.92240206160224
2.844435930252075,1.6253383932637242,2.0035763628305663,-3.65177783913082,-6.213621828375839
2.8594295978546143,1.558102200140535,1.9119077904546025,-4.484305968727997,-6.113819167262348
2.8754234313964844,1.4133668133880697,1.7337482816156928,-9.049449362691172,-11.139262414636704
2.8904225826263428,1.3349439882427478,1.6464857735397904,-5.228484195106151,-5.817829738404886
2.9054057598114014,1.249668049853714,1.55143655905364,-5.691445635046751,-6.343728924258772
2.9293668270111084,1.0904656586298374,1.3092432411970218,-6.644211207162894,-10.107785093127218
2.945421934127808,1.0216859753167158,1.1497192210096112,-4.283975361433903,-9.936029640156477
2.962363719940185,0.9370026482721664,0.6889523944509093,-4.998488824163895,-27.19706361899928
2.9784200191497803,0.934238831145201,0.3555493552155547,-0.1721328863449247,-20.764625452179143
2.9933676719665527,0.9531426144368028,-0.0359052891339966,1.264665665126391,-26.188368779231208
3.007368326187134,0.9531426144368028,-0.3984129308176402,0.0,-25.892193034148
3.0243635177612305,0.8035173684465599,-0.8481467365150065,-8.803975250169893,-26.462414603365264
3.0413646697998047,0.6505004487558721,-0.9147451797857504,-9.00038534703442,-3.9172900236194375
3.058366537094116,0.2399887995796971,-0.7890991510578779,-24.145091951960108,7.390131128120925
3.075364351272583,-0.0128756258356252,-0.5713191342393231,-14.876290725407308,12.812236593011074
3.091362714767456,-0.2926853536066597,-0.2512825489901775,-17.489896879809258,20.004332652630804
3.1103615760803223,-0.856475022779808,0.4510728283504451,-29.674918927448804,36.96828803445082
3.1263632774353027,-1.0975763131775904,0.6959708113980183,-15.06722848084779,15.304496541634908
3.1423630714416504,-1.4759901983514097,0.9355281925197066,-23.651172322824262,14.972529085477468
3.162361860275269,-1.6147797392415253,0.9494122985663708,-6.939897313021728,0.6942473447854348
3.1783626079559326,-1.7309592186021514,0.928362066768544,-7.260878158901412,-1.315578010349145
3.1943681240081787,-1.869123538791818,0.736821129941431,-8.632294000309823,-11.967182826337767
3.210368633270264,-1.8930657215367068,0.5838658728967755,-1.4963387947671547,-9.559399300314803
3.225362062454224,-1.897241682379034,0.4042742165010052,-0.2785193961361779,-11.978024119252073
3.241370916366577,-1.8269477093605,-0.055245788546524,4.390943499352588,-28.7041163323336
3.256371021270752,-1.7676167834510057,-0.3081804239306838,3.955367398329421,-16.862191097994483
3.27036190032959,-1.700220161115611,-0.5583822173932279,4.817182826894715,-17.883207510431184
3.286365032196045,-1.628150117481501,-0.801961847375197,4.503496205338368,-15.220747539583044
3.3023624420166016,-1.4759901983514097,-1.2500154721169807,9.511534731989306,-28.00788563696328
3.3173720836639404,-1.3853848625562182,-1.4685337748087184,6.036475615076083,-14.558528965978336
3.3333616256713867,-1.2883499256654918,-1.6837029466774132,6.06865017431628,-13.456868981518737
3.351368904113769,-1.057421228954842,-2.1049489714378016,12.824186478236754,-23.393097747015627
3.3673641681671143,-0.9176685599129432,-2.3025462299252046,8.737127975869548,-12.3534852459084
3.3813695907592773,-0.7545808442447179,-2.501266137306515,11.644612263216038,-14.188783385408623
3.3963699340820312,-0.5690878348252695,-2.6779984196734468,12.36591759457102,-11.78188249190591
3.4133639335632324,-0.1212472209667736,-2.997147121161256,26.35286733731508,-18.78008186600526
3.4283692836761475,0.1174902663373522,3.1404009957625254,15.910157744246538,-9.705684249943316
3.444361448287964,0.3564853607136866,2.9997292894377425,14.944511901768688,-8.79628929162237
3.4613614082336426,0.7875686935294501,2.702014717475153,25.357902853491275,-17.512663142377967
3.476368188858032,0.9630312931086118,2.540576692076569,11.692221267897558,-10.757672110979502
3.4923672676086426,1.1166847715521206,2.3728986394524823,9.603895376641429,-10.480481735093033
3.506361722946167,1.2454486656107109,2.2063416670913947,9.20106506134079,-11.901640209925532
3.52336859703064,1.445789725042356,1.8791262979786172,11.780004863713163,-19.240182968810604
3.54137659072876,1.5223530331165356,1.7222946199169464,4.251628990861554,-8.709003384316093
3.560367584228516,1.6296788868678893,1.4416561856261667,5.651408061022899,-14.77744880984702
3.5763607025146484,1.6611370370723335,1.320292724710205,1.9669804000462303,-7.588480166572181
3.59136962890625,1.6834355707669495,1.2050446612273316,1.4856847926906775,-7.678634732152591
3.607362985610962,1.6834355707669495,1.0261601950351855,0.0,-11.184923183726868
3.622366189956665,1.6656024552383837,0.9516843429437826,-1.1886204518485672,-4.963996382061732
3.637362241744995,1.6342981149319598,0.8869316824687058,-2.087505481328422,-4.317980585094222
3.652364015579224,1.5895107192577842,0.8391682126561688,-2.985473329293049,-3.183854812126174
3.668363332748413,1.4635171552099933,0.7493667000659939,-7.874933830952608,-5.612834075388503
3.684364080429077,1.3860929805006483,0.7065963698664977,-4.838784802719398,-2.673020727098999
3.701370477676392,1.3065515957650182,0.6469108221430673,-4.6771449342799984,-3.509593881376348
3.717369556427002,1.1287794928208816,0.4973022872594637,-11.1113962069444,-9.3510718470522
3.731368064880371,1.04413155723607,0.3785691995161846,-6.046925346852851,-8.48183848577829
3.74736762046814,0.9594222195191524,0.245646672409768,-5.294480665555267,-8.307888702110828
3.766370058059693,0.7844772322014126,-0.0656194091472974,-9.20644977650179,-16.38032384305445
3.7813684940338135,0.679229912565582,-0.2022535276760432,-7.017219649930742,-9.109891108946284
3.7973713874816895,0.5495743490052553,-0.2913643783064797,-8.102007551486606,-5.568421168377145
3.815362215042114,0.217122884523872,-0.3036602633236112,-18.4789423035042,-0.6834529971361215
3.830368280410767,0.018674357231911,-0.2304793766642495,-13.224554366297763,4.876753823306442
3.844361782073975,-0.1944391752627556,-0.1111623992061924,-15.229464191581796,8.52659901215202
3.86036229133606,-0.407899834897626,0.0168544101019949,-13.340866602333078,8.00079592538582
3.876371383666992,-0.8053385400317074,0.2259936026280239,-24.825811290135047,13.063775772092471
3.892368078231812,-0.9688487699774706,0.2660541077441677,-10.221501028428865,2.5042989321210625
3.907360792160034,-1.1116880353580914,0.2603555668185477,-9.52724543831498,-0.3800873512895437
3.925362348556519,-1.316691339093317,0.1269779692928179,-11.38808774197224,-7.409225879589937
3.940368413925171,-1.3853848625562182,0.0118810347025649,-4.57771719470194,-7.670027536378082
3.9543612003326416,-1.439918310979076,-0.1169330625459624,-3.897254402006912,-9.205750269992974
3.971362829208374,-1.4759901983514097,-0.2645589616506432,-2.121672437152281,-8.683044441429798
3.987370729446411,-1.5252183037800018,-0.5521724951918501,-3.075238144701762,-17.96697438542221
4.003361225128174,-1.5386693252773562,-0.6911628522471801,-0.8411885263003732,-8.692060572822003
4.019361257553101,-1.5431536001521722,-0.8359878721668329,-0.2802666116994747,-9.051545401497258
4.039367198944092,-1.5297014968394669,-1.1186127521554503,0.6724054144616799,-14.127047283857634
4.055363655090332,-1.5072945386578336,-1.268099693377551,1.4007451385974354,-9.345003659278357
4.071362733840942,-1.439918310979076,-1.5813773157754143,4.211256706026738,-19.58097883516651
4.086914539337158,-1.3898212117538495,-1.7417480370908451,3.2213043840740108,-10.312032345984086
4.101913213729858,-1.3308075272151996,-1.9156939320285435,3.934593350954517,-11.597417903968704
4.217905521392822,0.0591638144601757,2.3749454743726206,18.757845577598086,-26.315981933031487
4.234907150268555,0.2127149666922761,2.104972846811504,9.03155535004498,-15.8792213107573
4.254906177520752,0.5194519026314228,1.4477785826959022,15.337592777441008,-32.86131149420762
4.271911859512329,0.6890791318081793,1.0467379624506477,9.974738399834372,-23.58274254710211
4.285905122756958,0.8956549738488186,0.5216914230575835,14.762520966646594,-37.5213794105242
4.301913738250732,1.354544988583948,-0.6997782147697234,28.66519062273605,-76.30076681536413
4.317911624908447,1.4996624613699585,-1.1347117368687707,9.071040187425544,-27.18693608754281
4.333907127380371,1.593954778562805,-1.4864820662078433,5.894926861994719,-21.991827387512146
4.349910974502564,1.6387759067347072,-1.779176205430146,2.8006471087660647,-18.28898620360017
4.3669068813323975,1.5760212849262858,-2.2521971751445404,-3.692337363150536,-27.831464037215763
4.383910655975342,1.4679628220453718,-2.4379092864227934,-6.354969125973012,-10.921816783505395
4.397912263870239,1.3164402744368269,-2.592950129414236,-10.8217962355426,-11.073074189425292
4.413912534713745,0.8956549738488186,-2.7902533680045427,-26.29863611082529,-12.331243672064945
4.428905010223389,0.6505004487558721,-2.8300060391075146,-16.35183762249648,-2.6515081567018006
4.443912506103516,0.3989979449048217,-2.837514408963421,-16.758458963436535,-0.5003079738205695
4.460916996002197,-0.0983826449696494,-2.751256977958937,-29.24995650196088,5.072626789655825
4.476917028427124,-0.3295539680126324,-2.6688416172607488,-14.448178410116016,5.150949604939041
4.493912935256958,-0.5366735345159107,-2.559579125173388,-12.186438098125384,6.428753298150912
4.507912635803223,-0.7228489861220465,-2.4351253402637894,-13.298530992922592,8.889746212664878
4.523905515670776,-1.0212219777896414,-2.141148222603002,-18.656614327037676,18.38174988466004
4.541911840438843,-1.1417995349573236,-1.9853654816786053,-6.69640022163336,8.651556768578999
4.557925224304199,-1.3264282864274322,-1.672476344146173,-11.529652509582109,19.539226697071864
4.574911117553711,-1.3905042717569072,-1.532121139571654,-3.772305900445768,8.26304525248053
4.589905023574829,-1.4488396488249915,-1.3825553256524896,-3.890605755826541,9.975106800623434
4.605905055999756,-1.489393791614398,-1.252286804213624,-2.5346287877658424,8.141766090168534
4.621906042098999,-1.5386693252773562,-1.0020734658949622,-3.0795310587319946,15.637369895002704
4.635905981063843,-1.5431536001521722,-0.8960553845713439,-0.3203067446277256,7.572753109127678
4.650904893875122,-1.5386693252773562,-0.7898824382722642,0.29897332768304,7.078709479478861
4.666911363601685,-1.520735831640837,-0.6999559062366997,1.1203903135966844,5.618136514282897
4.683904647827148,-1.4533060604575443,-0.5232013887766589,3.9680246789641327,10.401433596642846
4.698914051055908,-1.4037913943646865,-0.4425169068596318,3.298909712678128,5.375595597460276
4.715914487838745,-1.3448800774023262,-0.3581866459080651,3.4652825521421446,4.9604761353369335
4.73091459274292,-1.2001296597314688,-0.1876054948388811,9.649960356648618,11.371997206613411
4.745913028717041,-1.117640105821808,-0.0950926369699368,5.499877057313952,6.168167002784137
4.760914087295532,-1.0212219777896414,-0.0174903304938567,6.42742160679331,5.173122021358391
4.775912046432495,-0.9104047651499892,0.0491246538847211,7.388819480547866,4.4416032721681065
4.79291582107544,-0.6463969534236914,0.122683115911582,15.526423824715115,4.326007817175098
4.809905767440796,-0.4881663588337975,0.1175079766812091,9.31318976453839,-0.3046000922595837
4.825905561447144,-0.1345561068206584,0.0320967757534191,22.10092529146625,-5.33826878607965
4.841911315917969,0.0500604951540594,-0.0224177685113362,11.53438922927572,-3.405934057286891
4.855904817581177,0.2312056091793131,-0.0758218964152744,12.944945331412224,-3.816351988891343
4.872913122177124,0.4048130027037449,-0.1101201424825708,10.207213337759658,-2.016558785963237
4.888920068740845,0.7143213040150889,-0.10628038997849,19.335873964422163,0.2398803849813233
4.903907060623169,0.8416045478789328,-0.0610197890677784,8.492914713189565,3.019992355109788
4.919917345046997,0.9594222195191524,-0.0026426563306713,7.358874366083812,3.64622708702316
4.937905788421631,1.148818580480979,0.1643500776829497,10.52877989592483,9.283334335037804
4.9529125690460205,1.2312652196194018,0.247379811065464,5.493959111018598,5.532814496373119
4.967912435531616,1.2992835231276776,0.3406064283681342,4.5345939294588655,6.215163141098307
4.982913732528687,1.3632426869609582,0.4199799824464871,4.263575599214624,5.2911127680396
4.998905420303345,1.4641176114846526,0.5775637202672365,6.307959856716902,9.8541029590679
5.01491379737854,1.4956634424573898,0.66426927424733,1.970582703328304,5.416261346969529
5.030912399291992,1.5223530331165356,0.745873004486649,1.6682451881438651,5.100678839361826
5.048905849456787,1.5312756516368584,0.9449495612777804,0.4958814701240777,11.063834615811182
5.063912391662598,1.5178961824424764,1.0546086363220477,-0.8915757548198878,7.307417894163986
5.078911781311035,1.4952037642645246,1.1682403003735895,-1.5128894381589484,7.575752528262317
5.093912601470947,1.4546420644507791,1.2968216796980685,-2.7039654753105924,8.571623281512105
5.110911846160889,1.340431811573666,1.5730610586044511,-6.718548674382711,16.250097221662795
5.126916885375977,1.265357539236443,1.7117087143941834,-4.690664691808506,8.662750145531017
5.143914461135864,1.0603325791114542,2.002637938229985,-12.062011843407904,17.115924526270422
5.159914016723633,0.9307057049853106,2.1458753750546284,-8.101904669479795,8.952588466528828
5.17391300201416,0.7844772322014126,2.2784932851400264,-10.445648005848394,9.473394487751632
5.188912630081177,0.6119140042236332,2.397969735104968,-11.504500458730504,7.965294168037667
5.204916477203369,0.2082997618187121,2.568878599898539,-25.219826165749424,10.679236279167748
5.2199132442474365,-0.0216446783501283,2.6102392852271263,-15.332934057931167,2.7579734490140844
5.234906911849976,-0.2543560523580699,2.609987585206996,-15.520643792885853,-0.0167870881763234
5.254915237426758,-0.6941470952024563,2.484755275241969,-21.980402165922488,-6.259010004832551
5.271906614303589,-0.8691139200857564,2.351485082080505,-10.297389443575918,-7.843401634106975
5.288905620574951,-1.0089164013324925,2.169650128258439,-8.224156107422408,-10.69679903162326
5.30590558052063,-1.117640105821808,1.6727160498149445,-6.39552709751839,-29.231485252399803
5.322906017303467,-1.0875379469409476,1.3396438568825055,1.7706697342770907,-19.59197855838019
5.3379065990448,-0.817999907421781,0.3412013421958337,17.96850576644466,-66.56025292242742
5.355905294418335,-0.5926067593400972,-0.3409465795120946,12.522749199539003,-37.89985371444988
5.371911287307739,-0.4019499171714522,-0.9269508026097322,11.91159108254113,-36.61155088264238
5.389909029006958,-0.1759201558938642,-1.7254846340561285,12.55878459948114,-44.36855716631711
5.403905868530273,-0.1078849873427771,-2.044178378687028,4.860752203221065,-22.76897896128844
5.41790509223938,-0.0666712246844575,-2.34058199841072,2.944003432955373,-21.17286114449922
5.465912818908691,-0.0353369357902218,2.895373403695663,-0.263993381136371,376.68262589403867
5.481911659240723,-0.0263587737332444,2.634645218885917,0.5611758021612515,-16.296692722643314
5.499906539916992,0.0455780230148949,2.074213429009979,3.997625660447134,-31.143956993001822
5.515906572341919,0.1174902663373522,1.7530946776314562,4.49450609927664,-20.069881288380746
5.529912233352661,0.2127149666922761,1.385724086745345,6.799015075538925,-26.230150123178188
5.547905921936035,0.5373499207696135,0.360454698383177,18.04160122996108,-56.97938939042804
5.563905477523804,0.7717944551173496,-0.3296448538898393,14.653190400298728,-43.13242005300373
5.57990837097168,0.9432897259671962,-0.8930264239691581,10.716516448005766,-35.20498164374737
5.597911834716797,1.0843292704199592,-1.633619488794695,7.834022744151945,-41.13614331722124
5.615913152694702,1.074259424654708,-1.9135944079459009,-0.5593949163950634,-15.55302336722484
5.629905223846436,1.0054364915560952,-2.140772626234188,-4.918709485699455,-16.236210910072717
5.645912170410156,0.7269919211708813,-2.464026157159696,-17.39523333052793,-20.19457800016356
5.660912752151489,0.5356161214505082,-2.562414664576637,-12.75789186182367,-6.558979452499398
5.675912380218506,0.3281198950153057,-2.6189537060980617,-13.833424769476505,-3.769362898120871
5.693907737731934,-0.1028335047495251,-2.614960581407126,-23.948032121243667,0.2218974915033575
5.710911989212036,-0.3054387875584541,-2.566758271524372,-11.9149780304065,2.834721066032088
5.726913213729858,-0.4903866934839423,-2.494815076624437,-11.55835953176534,4.496105583657283
5.741912126541138,-0.8023119148909339,-2.298422922367275,-20.79652207674821,13.093759309639704
5.756905317306519,-0.9302185082815542,-2.188156168549826,-8.530978855145058,7.354455468682092
5.772912263870239,-1.0351802053443886,-2.069959376881904,-6.55725916526311,7.384093599450838
5.787914991378784,-1.121734393264368,-1.9568320775585493,-5.769230153029291,7.54044884564638
5.803908109664917,-1.2426764317795913,-1.7430912913137755,-7.56212993310309,13.36454732721526
5.821906089782715,-1.283999223610571,-1.6386261877179902,-2.2959683009159706,5.804268196322877
5.8389081954956055,-1.3123198042581004,-1.4784848690571737,-1.6657101847130171,9.418910890514054
5.853925704956055,-1.3069083394337346,-1.4027301842158997,0.3603436933812223,5.044423979940543
5.8689069747924805,-1.2883499256654918,-1.3442027772242733,1.2387744143770465,3.9067053481221854
5.883913993835449,-1.2568491860142448,-1.2924067987537229,2.0990670806142586,3.4514501728988214
5.898911952972412,-1.2143109660812104,-1.2401534231542084,2.836267224398404,3.484032402164277
5.915915966033936,-1.101635174998166,-1.1351118821599486,6.626423461059701,6.177455910801847
5.930912017822266,-1.0373622845577688,-1.0701075767530384,4.2859874950828205,4.334761330812194
5.947905540466309,-0.9688487699774706,-0.987490265158652,4.031742918488734,4.861694265805903
5.963910818099976,-0.8403695205633699,-0.7480021044976622,8.027305264848733,14.963074439722805
5.977912425994873,-0.7863190945934839,-0.5834770573048663,3.860301357930706,11.750439551499868
5.992910861968994,-0.748231915161111,-0.363782944272279,2.5394100756965656,14.64780150488067
6.007905244827271,-0.7228489861220465,-0.109203099432842,1.6928291933705024,16.97834764162487
6.024906635284424,-0.640090621809586,0.3719135799133129,4.867740936897312,28.298666544872248
6.039904832839966,-0.5566285509381843,0.5343128818589661,5.564806741764883,10.827921244819509
6.056905508041382,-0.4380129117876778,0.6203725035074669,6.977113423155496,5.062129628906312
6.0740134716033936,-0.1072791715849033,0.5720991129911948,19.33215131093509,-2.8216912165667285
6.090405225753784,0.09510775116463,0.4369762673467668,12.346873976554264,-8.24334262243726
6.104912757873535,0.3139471407806519,0.2430919105839346,15.084535936893603,-13.364392728027973
6.120907783508301,0.755778718192763,-0.2072911246906961,27.62306153806832,-28.157693870506275
6.136906623840332,0.9531426144368028,-0.3882151734933072,12.336137629231663,-11.308572687008027
6.152908086776733,1.1227438345826288,-0.5108911537169859,10.59910714538506,-7.666547784490747
6.169913053512573,1.3860929805006483,-0.6084071269978553,15.486601650503795,-5.734558308505461
6.185905933380127,1.4818530479763057,-0.5915469267951793,5.9876687794006855,1.0542316544803094
6.200912952423096,1.544679244899847,-0.5266383788561001,4.186454134805508,4.325212605730039
6.215912342071533,1.585046996961376,-0.4318150201123371,2.691292979760281,6.32181448487411
6.23191237449646,1.6029033094947511,-0.1613049675223043,1.1160172716623111,16.90684402417835
6.246912479400635,1.5761213309471218,0.0223177224905001,-1.7854527497454633,12.241427055733386
6.262912750244141,1.5357410698029086,0.2195386950998863,-2.523723600629088,12.326102135291894
6.278923988342285,1.4229890480008054,0.6145626613748859,-7.042055155945093,24.67166897735267
6.296910762786865,1.353460390310757,0.8078924291686415,-3.865543424935725,10.748440104668752
6.311907529830933,1.273847597592802,1.0014435842350793,-5.308663692915675,12.906192014431891
6.326907157897949,1.0926477378432176,1.354396310889312,-12.080290187196944,23.530765234796544
6.343907356262207,0.9855039615670028,1.5215159174093429,-6.302501534422082,9.830450382943322
6.358906269073486,0.8703030618875824,1.6688232660278963,-7.6806166639483715,9.821201741220698
6.377907514572144,0.5919589878013594,1.9310991080463655,-14.648727848176742,13.803086857490676
6.397906303405762,0.428996791837573,2.0301693158258365,-8.148603263905926,4.953810383403455
6.414907217025757,0.0771517851673184,2.122886067348598,-20.695652865175585,5.453633469069307
6.429906129837036,-0.1028335047495251,2.1131735754781165,-11.999889070726068,-0.6475463917076545
6.445905447006226,-0.268545215330241,2.0468377685603403,-10.357423934306007,-4.146164877931278
6.461921691894531,-0.5266647695588269,1.7637139863735407,-16.116109364502353,-17.677288538059486
6.477911472320557,-0.5915607346170035,1.5348504605841995,-4.058590132516781,-14.313112481321925
6.494907855987549,-0.6014838107514552,1.228392744684517,-0.5838345573313192,-18.03076006661573
6.511904954910278,-0.4319968877876579,0.30422116884856,9.9715206538658,-54.37231259506891
6.526908159255981,-0.2586616874952033,-0.3371263972734855,11.553211987151084,-42.747372584159045
6.543905735015869,-0.1301260109532289,-0.8664066180412054,7.562000508643338,-31.138571067102397
6.557912111282349,-0.0666712246844575,-1.268523828214782,4.530421363920762,-28.709582159086807
6.573912382125855,-0.0670954413731487,-1.8499475935898804,-0.0265130942369917,-36.3383702102196
6.588905096054077,-0.1167988517319203,-2.073401941640576,-3.315170995506599,-14.904196072871065
6.604912281036377,-0.1998322538301039,-2.264388886829159,-5.1872582337243625,-11.93132617632456
6.62191367149353,-0.4179345603318573,-2.580970070241748,-12.828498177923269,-18.62089952056763
6.638916969299316,-0.5404620058317027,-2.719757215191628,-7.20609889324822,-8.162366297122132
6.652914047241211,-0.6717064678854323,-2.8465548623590715,-9.376561493660258,-9.058865549925027
6.668911933898926,-0.9176685599129432,-3.120030500608699,-15.374661496860758,-17.094485296765495
6.684912443161011,-1.0251241800255058,3.005718413698024,-6.715762501834301,-9.839461375515546
6.700912714004517,-1.1116880353580914,2.8350339596661365,-5.410149376797572,-10.667597798893796
6.717918395996094,-1.1943825965682653,2.4345704602080653,-4.862760649712975,-23.548805608408955
6.734326601028442,-1.180174643309195,2.2016807517293557,0.8659053949569346,-14.193490879689156
6.750905275344849,-1.1358977520773252,1.9395345306373544,2.670713615988792,-15.81225471282593
6.765912055969238,-1.0513444241634735,1.6423034122981663,5.634341570665204,-19.806454547360783
6.780912399291992,-0.7672789583483367,0.853677507706784,18.937264281427485,-52.57385698600123
6.796911716461182,-0.534278835614091,0.2661017937178178,14.56312918047176,-36.725049436515015
6.811904668807983,-0.2586616874952033,-0.4218285181185674,18.383113728610045,-45.8835788925276
6.829915761947632,0.1447514712095887,-1.3917171293887955,22.398038563064496,-53.84951394955473
6.84591555595398,0.2954683386176199,-1.7402854346913217,9.419925490805491,-21.78579956493422
6.860907793045044,0.428996791837573,-2.0345692019857027,8.90650624112245,-19.62907640179849
6.875920057296753,0.6603915616449074,-2.521064429739288,15.41371547473211,-32.40651906978011
6.891905307769775,0.7684844119039628,-2.7212301162526624,6.762036693855905,-12.52189866221892
6.9069130420684814,0.8669568398987691,-2.903749053908625,6.561445321116628,-12.16165838381741
6.921912431716919,0.956738122717759,-3.0679964553443573,5.98566241182637,-10.950272330103914
6.938905477523804,1.0965806757544925,2.9309393974435203,8.22939893330223,-16.727398820789674
6.955905914306641,1.138799439007239,2.8095448793700197,2.483392855845276,-7.140670538303871
7.002904891967773,1.1588349064781198,2.4443538431482943,-1.2995939151896172,-4.946412180257845
7.019911050796509,1.1267433284675334,2.3768646567176472,-1.8870562326138665,-3.968514413531784
7.036908864974976,1.0241342232629194,2.278237484521246,-6.0366058910446,-5.802344416810028
7.053913354873657,0.9504334706057688,2.2320754663109232,-4.334193680391701,-2.7146958529994945
7.071915149688721,0.7748429184094089,2.1343611722409768,-9.754058081443633,-5.428030653264721
7.088915109634399,0.6729391656435425,2.0821131741897605,-5.9943525215051885,-3.073418891466118
7.136907339096069,0.305325101775622,1.631908310053639,-4.430142061944059,-9.281283629153846
7.151912212371826,0.2497246285482046,1.4344763920732782,-3.7054943554405257,-13.157853075597028
7.167918205261231,0.2215233624793664,1.1901769212752065,-1.7619191926235964,-15.263000082912312
7.184912204742432,0.2954683386176199,0.4398076118198201,4.351240343396018,-44.15495659426421
7.200906753540039,0.3989979449048217,-0.078582057717018,6.4728056788128,-32.41039657301134
7.215912103652954,0.4872823410731067,-0.5733028385741584,5.883527908642331,-32.96962597569359
7.231910943984985,0.4832583798539488,-1.2000273192949673,-0.2515158058738456,-39.17311928327986
7.246912479400635,0.4048130027037449,-1.3822651341997392,-5.229156548093784,-12.14794418407756
7.261912107467651,0.2911377918375977,-1.502668097725418,-7.578535304892862,-8.02706327035125
7.279913425445557,-0.0126941266543617,-1.5527771959883097,-16.87831518030409,-2.783634971861251
7.295912504196167,-0.1803158206102103,-1.497159221494931,-10.476959115502442,3.4763235658963745
7.310904502868652,-0.3495275494182959,-1.3875066865705186,-11.286802547457402,7.314070479852462
7.325912237167358,-0.5204807814553599,-1.2306313659497463,-11.391008704878478,10.452964951165054
7.341911792755127,-0.8530077141734903,-0.8077820566569776,-20.78351057277758,26.428815911363916
7.356912136077881,-1.0212219777896414,-0.5264564783589868,-11.21402757235484,18.75460929425863
7.371904611587524,-1.1959128172560614,-0.2053437282919471,-11.65190093884457,21.418260770910813
7.386912822723389,-1.3589036458722448,0.1230088610512152,-10.860110318323922,21.878196300058512
7.404912233352661,-1.618901251425046,0.6801422291284466,-14.444784382548995,30.952867266173968
7.420905828475952,-1.709035953150492,0.8876721748435003,-5.635674845500204,12.975815888501126
7.438904762268066,-1.8129116731143016,1.214061498540771,-5.771215182163743,18.133814339617675
7.453905344009399,-1.8324754704611683,1.336542432981879,-1.3042025758881013,8.165078965145778
7.471907138824463,-1.8324754704611683,1.448217179812922,0.0,6.203534035261654
7.48990535736084,-1.763272520843694,1.6074803861652829,3.844988851402444,8.848831679116874
7.505918025970459,-1.6958029285474374,1.6524540463640456,4.213513308813893,2.8086299226692355
7.522913217544556,-1.489393791614398,1.6595613191692868,12.145149175466733,0.418193156238018
7.541906356811523,-1.3589036458722448,1.6196721424724063,6.870383242495215,-2.100188712155352
7.559914112091064,-1.0334464060252833,1.384254113278416,18.073170964107906,-13.07314684920523
7.575904130935669,-0.8466921780446318,1.179089928509618,11.679425133615016,-12.830765664671274
7.590911626815796,-0.6337936785227306,0.8987397804165614,14.186144125738066,-18.68067466633781
7.6059136390686035,-0.3919452384549128,0.5242272047593742,16.1210666937401,-24.964156097599336
7.621931552886963,0.1758688106630901,-0.4685336379755699,35.44868923362462,-61.97816107594885
7.637909173965454,0.4248559869344845,-0.8528289135029846,15.58349488000917,-24.052095968450907
7.655913591384888,0.6442444956099054,-1.1401775330891952,12.185260070598977,-15.959895446328217
7.671905755996704,1.0179176070772813,-1.4797104222326385,23.36601207764417,-21.231202741157787
7.686908006668091,1.178851088339984,-1.565391402096474,10.727289177326274,-5.711208387368986
7.702908039093018,1.3164402744368269,-1.5951215560491443,8.59930670405956,-1.85813085643208
7.7199156284332275,1.5223530331165356,-1.530250890302212,12.107110217723935,3.8142187260814575
7.735908269882202,1.585046996961376,-1.4413363788757787,3.9201756660942326,5.559713929066686
7.751912117004394,1.6207567759281205,-1.3221671989469752,2.231324674254481,7.446283322936316
7.769909620285034,1.6074074228484396,-0.9855509924052815,-0.7417336100191676,18.703494662162385
7.784913778305054,1.5536260261778814,-0.7598135352374158,-3.5844328351380725,15.044993318963453
7.79990553855896,1.472975411894961,-0.4916078890369911,-5.379662755873254,17.890203795817847
7.81491208076477,1.354544988583948,-0.1622039934639419,-7.891919516619663,21.95068597784663
7.830906391143799,1.068755337008764,0.5619305988641112,-17.868207181343088,45.27451169620515
7.84791088104248,0.9307057049853106,0.8695971538112105,-8.118422419372681,18.093254004105862
7.8649163246154785,0.6666595605611928,1.363245057670509,-15.52715418981374,29.0288166692184
7.881911516189575,0.5273468464491667,1.568658937668447,-8.197184097904513,12.086588085951362
7.897913455963135,0.3848394212980812,1.7410328494899514,-8.90563438981031,10.772063528593105
7.9159064292907715,0.0769301316355748,1.9931244896643736,-17.11275196465534,14.010560432900563
7.930912256240845,-0.0889432788185916,2.061271767067068,-11.053933315774833,4.541387664234092
7.945912599563599,-0.2586616874952033,2.0912573157426246,-11.314301614628192,1.9989908251014536
7.960911273956299,-0.4219777463139175,2.07838748784712,-10.888699530553149,-0.8580643567920231
7.976911783218384,-0.6941470952024563,1.907092281710748,-17.010042894914307,-10.705609635955456
7.991912603378296,-0.7863190945934839,1.754649095714066,-6.14446399653175,-10.162323417760067
8.007911682128906,-0.8340402360026248,1.5455209247357198,-2.9827430787113496,-13.071263304480455
8.02491545677185,-0.7957118819430383,0.9449240950165162,2.2541085649762294,-35.32138259480047
8.042911767959595,-0.6848689071866773,0.4840149945375394,6.1592052726809605,-25.61130976624062
8.058905124664307,-0.3536962897443315,-0.640477707940832,20.70688621262206,-70.30998703024468
8.07491135597229,-0.2401828853321714,-1.072136918925929,7.091825816333369,-26.96819773995139
8.089428424835205,-0.1662379091939179,-1.4126148036375783,5.093657461882793,-23.453624690134657
8.104421377182007,-0.1256896617555979,-1.696986090680214,2.704487181737063,-18.966997324132556
8.11943006515503,-0.1034198252177082,-1.9451066555003853,1.4837963570112789,-16.531795801615594
8.137425184249878,-0.1161542623441175,-2.3790901815105334,-0.7076606194873543,-24.11673541712665
8.15442419052124,-0.1389797890562552,-2.570658734593379,-1.342756532221015,-11.269397165031643
8.174423456192017,-0.2129739139865236,-2.927401578220364,-3.699842091621957,-17.83779712213484
8.190433979034424,-0.2543560523580699,-3.100289908652244,-2.5846837594795478,-10.79841877330508
8.204422950744629,-0.2926853536066597,3.0022413579774048,-2.739965598802965,-12.914032874778677
8.220422506332397,-0.339531107175495,2.616854725530552,-2.927940923849676,-24.08733357203221
8.236429452896118,-0.3353362302002527,2.399410961590026,0.2620660323031165,-13.58433746716916
8.251420736312866,-0.3153812137779793,2.170690261709656,1.3311079423646963,-15.256912535243394
8.269428014755249,-0.2075536398339383,1.616512535390412,5.987999479713306,-30.775207263686465
8.28542184829712,-0.1117194791447608,1.2727146019186135,5.991944360199455,-21.495655345653866
8.30444049835205,0.217122884523872,0.2741674511196591,17.290520763505096,-52.50357664265586
8.319422960281372,0.4413319399215877,-0.3680588087566854,14.964767236212994,-42.86520218813183
8.33342981338501,0.6156453301902921,-0.8997677551684227,12.44486459442012,-37.96062844934442
8.348422288894653,0.724104148750265,-1.291871297586273,7.234216823646588,-26.15335553929296
8.363427639007568,0.7875686935294501,-1.604814976755805,4.229461112310969,-20.85547333548605
8.380423545837402,0.7875686935294501,-2.0965657188718216,0.0,-28.933480692705118
8.396432399749756,0.7338418190707212,-2.2903874756991387,-3.3560725054321114,-12.10716006832638
8.414442777633667,0.5395425909093503,-2.5841743482350674,-10.788181648034188,-16.312088198791862
8.429420709609985,0.4048130027037449,-2.689368019387663,-8.995206308763228,-7.023244017860245
8.444429636001587,0.2584765225367963,-2.767162921660074,-9.749963211814604,-5.183242308120191
8.458427667617798,0.1040701466894747,-2.831752443395175,-11.030577732693905,-4.614186016003911
8.475425243377686,-0.2031910692513478,-2.915183607580033,-18.07676696261142,-4.908415491916536
8.491432189941406,-0.3536962897443315,-2.942880505478967,-9.402494091790098,-1.7303048891103492
8.50742220878601,-0.4920583265035477,-2.972922487185941,-8.653025246802859,-1.8787958912951
8.524422407150269,-0.748231915161111,-3.041151474674426,-15.0688587961513,-4.01342302169448
8.54142141342163,-0.8593156380618016,-3.0870197855974197,-6.534718625748721,-2.698293664392963
8.558422327041626,-0.9551509966046048,3.14036415297932,-5.637071082467545,-3.282257051010391
8.576423168182373,-1.103549453192671,2.9857826158386205,-8.243973458115166,-8.58746188203311
8.593421936035156,-1.151814313480646,2.8795724685101485,-2.839315220136532,-6.2481085834160766
8.610422134399414,-1.1943825965682653,2.6232934385479645,-2.5039874344711928,-15.075061153462752
8.626423120498657,-1.180174643309195,2.4624810607751293,0.8879423537367007,-10.05015420771108
8.643431186676025,-1.1476733006855762,2.2883935294098112,1.9109369804115024,-10.235586429982744
8.658421754837036,-1.011201949829476,1.855679021225923,9.103814437871083,-28.865784374293675
8.673420667648315,-0.9077458398231628,1.5878180094390084,6.897573931392765,-17.858695170591375
8.689428329467773,-0.7767404972535644,1.274042784513028,8.183914930683745,-19.60156507957789
8.737420558929443,0.1081855976378692,-0.8277430627618292,14.58600236626094,-34.09777990784095
8.757429122924805,0.4431348225836151,-1.5585535103495451,16.740293057682628,-36.52488243319925
8.772427797317505,0.5795913086930758,-1.834689461794622,9.097903090414022,-18.410690452715706
8.78742790222168,0.6988896229873657,-2.0629862185987773,7.953165331602909,-15.219677346430824
8.802420854568481,0.8130408900401729,-2.262717709033756,7.613661700002504,-13.321691806589666
8.818420648574829,1.0141677758567125,-2.57071343248513,12.570592204921237,-19.249980551573483
8.834428548812866,1.0987349336311785,-2.686501768829654,5.282838880612355,-7.233199521658313
8.85042119026184,1.174770131560105,-2.7847881917757267,4.754386457766896,-6.14572791240652
8.870423793792725,1.2851628724439494,-2.926652976674593,5.518918610439857,-7.092315991757188
8.885421991348267,1.317683905199385,-2.968048162132167,2.1683294032501013,-2.760010681568753
8.900428056716919,1.3361085528114556,-2.9914023191700863,1.2278133647584732,-1.5563144944514398
8.9174222946167,1.3219832767927415,-2.9906005184875744,-0.8311803154701443,0.047180737803033
8.932429075241089,1.2894176559015813,-2.966892698006723,-2.1700604350964663,1.5798072267625636
8.947428464889526,1.2428031691368613,-2.9246992602247204,-3.1077589060149453,2.813010313816211
8.96542477607727,1.104800439579937,-2.786696530667796,-7.668389822626933,7.668389822626933
8.980420112609863,1.0203740109475443,-2.6889912526423765,-5.630178985906014,6.51571092206263
8.996424198150635,0.92719215709298,-2.568682261323623,-5.822379142949299,7.51739241909562
9.010427951812744,0.8225644116337857,-2.42394807219471,-7.471407165800879,10.335385256063688
9.025421380996704,0.6019475568174262,-2.05565437066994,-14.714235956933484,24.563673660377344
9.041427850723268,0.4812906689568652,-1.8279190310585591,-7.5380074383505455,14.22770564039222
9.05742073059082,0.3465604274275287,-1.5538798973601988,-8.424389018432928,17.135071104631365
9.073428869247437,0.018674357231911,-0.8209862721228397,-20.48246065510567,45.782563542105
9.092432260513306,-0.2065138481670761,-0.2945721097024766,-11.849895750104048,27.70106424982283
9.1077721118927,-0.4599523992802891,0.445952546824425,-16.521578002616625,48.27456526219163
9.123428106307983,-0.8243236005305477,1.2191401609914911,-23.273590395162863,49.38604304893525
9.13842797279358,-0.942713826972696,1.5275427752222113,-7.892752015882135,20.560357288971712
9.1544291973114,-1.0334464060252833,1.7869964495938249,-5.670352225326801,16.21461370550938
9.170426607131958,-1.1276615042112816,2.194827143807088,-5.889397048823001,25.493545441912826
9.187441110610962,-1.1417995349573236,2.3622094977095407,-0.8309399544622863,9.837627886644142
9.202420711517334,-1.129464386873309,2.513088039909271,0.823463065612611,10.072267154697649
9.219427347183228,-1.0412952224690435,2.737634583645126,5.184397792509111,13.203466467278886
9.23442268371582,-0.9726273694645364,2.8225105131801747,4.579280555341704,5.660155032237429
9.250422477722168,-0.8781888827767252,2.8867552767558378,5.902481410094678,4.015349419509717
9.265422821044922,-0.7767404972535644,2.9361284857710293,6.763070907135475,3.2914719318655625
9.282430410385132,-0.5380587420134535,2.9780867450497595,14.033838098137217,2.467031537475506
9.297420501708984,-0.4060138775012039,2.97865790832457,8.808809877104427,0.0381027214892007
9.313421964645386,-0.272834441729857,2.968521546373579,8.322953738709726,-0.6334647020262204
9.329432487487791,-0.0035971067875604,2.9150613447857645,16.81627374648659,-3.3390665697820765
9.345422506332396,0.1259792307211952,2.8752131241731598,8.10357628518234,-2.49206839590756
9.35942816734314,0.2487388522163399,2.827842227823599,8.765000195348824,-3.3822678067980734
9.375427722930908,0.3607242408439027,2.773127683264464,6.999281199608704,-3.419754021228177
9.39142918586731,0.5412487313654731,2.658813884328703,11.281749127506291,-7.143959236109024
9.407427310943604,0.6119140042236332,2.597123353467995,4.417097161146214,-3.856110048303161
9.455429077148438,0.7338418190707212,2.378187323982636,0.42019818469847,-3.351429949248917
9.47042727470398,0.727535596361968,2.331528235315097,-0.4204653716154735,-3.110979735714847
9.485427856445312,0.7051808643680889,2.287345659794392,-1.490257669959707,-2.945390804342123
9.50242042541504,0.6280824998222008,2.194267955314218,-4.537181204516175,-5.477553432091325
9.51742935180664,0.5734343931907241,2.143987145144138,-3.641040351963864,-3.3500604145953483
9.533428192138672,0.5133750978400548,2.0850550004862383,-3.753978044922714,-3.683526020314855
9.55142378807068,0.3790875206462761,1.9419393435346928,-7.462246746435093,-7.952815649577975
9.567426919937134,0.3139471407806519,1.8378976958477256,-4.07047697970721,-6.501330399273495
9.58142066001892,0.2531010929257846,1.7150742486830983,-4.348090467541165,-8.777027902960858
9.597429513931274,0.1758688106630901,1.3685687423985626,-4.824347994274394,-21.64461667160001
9.613422393798828,0.1714397156295667,1.128167405901184,-0.2769416809357242,-15.03177279441109
9.629421710968018,0.1935250796410437,0.8333033445570145,1.3803941616963322,-18.42979036080373
9.649422883987429,0.3592660209070764,-0.0301011941926685,8.286561048454374,-43.167695110273456
9.66842246055603,0.4513116485202406,-0.4869328020948416,4.844614682901306,-24.044304685035968
9.68842315673828,0.4872823410731067,-1.1022462690793755,1.7984720244281889,-30.76460246071713
9.703422784805298,0.4372348308392516,-1.2896432881630573,-3.336583414618588,-12.493444387181691
9.72042202949524,0.2487388522163399,-1.502570582059516,-11.088491404235526,-12.525691451600167
9.736427783966064,0.1264193187103874,-1.5308304279268723,-7.642222285048344,-1.765605358926854
9.751427173614502,-0.0126941266543617,-1.512604228358258,-9.274607075711296,1.21512941498343
9.768435955047607,-0.2955222539676838,-1.3548420029650978,-16.62835920525338,9.275339683423509
9.784427881240845,-0.4360048823580818,-1.2187901906186582,-8.78459709561476,8.507531281877316
9.79942750930786,-0.5764875107484794,-1.043093509450444,-9.365740787887368,11.713402517930556
9.81643009185791,-0.8593156380618016,-0.5931780748896255,-16.63442165216895,26.461593892365872
9.832427978515623,-1.0035003832565077,-0.3145614344420556,-9.012737012058656,17.415840379967275
9.847421169281006,-1.143546556212561,-0.0216387324433339,-9.34065170966936,19.537048956588844
9.864424467086792,-1.2679139071166676,0.2557904118086782,-7.314307631651608,16.316196270914254
9.880428075790403,-1.4492600944726295,0.7106106128363466,-11.331580939929998,28.419852637672868
9.897428274154665,-1.4985403651058695,0.8745959058257362,-2.898805624341976,9.646081150097732
9.91242814064026,-1.5252983550126198,1.007149415107344,-1.78388187204505,8.836979276375452
9.92842698097229,-1.511913766721904,1.1938330993929829,0.8365974041205037,11.668575997466496
9.944427728652954,-1.471846135366882,1.2523527049271732,2.5041099425273377,3.6573044398986263
9.959428071975708,-1.4132584960816368,1.2801384820985264,3.905753223419493,1.8523427479959864
9.975422859191896,-1.225634332209964,1.239885002376443,11.730331972269042,-2.51666240869697
9.992423057556152,-1.103549453192671,1.1624320132656636,7.181379675779021,-4.556005021307336
10.008422374725342,-0.9613467041905388,1.0427492393710371,8.888051127330488,-7.480492612841285
10.025421619415283,-0.6024663256743146,0.6074884769617254,21.11154848712641,-25.60471187680822
10.040427923202516,-0.386046486636139,0.2865252373560538,14.421928417997425,-21.38856071131737
10.056432008743286,-0.1426378705283723,-0.1067667143359453,15.209154905331324,-24.57447198029912
10.071428537368774,0.0948061284434867,-0.4720551880858459,15.833264144096416,-24.358202012767936
10.089428424835203,0.4912903356435305,-0.9572862228584902,22.02703811007023,-26.95744824391752
10.110421657562256,0.8067118606239708,-1.1769434915984158,15.024914413205384,-10.46324173107874
10.12642788887024,0.9370026482721664,-1.2072050448746523,8.140004048498946,-1.8906107686412716
10.141427278518677,1.0365174911808055,-1.179155361709178,6.634592822849028,1.8700549704298377
10.156429052352903,1.1147941104636645,-1.109469106311439,5.217824248507212,4.645201038742535
10.17242169380188,1.174770131560105,-0.8225359490725617,3.7502260829017753,17.941573826584754
10.188429355621338,1.1547887784099653,-0.5967959245644411,-1.2482368365535683,14.101998596304911
10.204421997070312,1.1008723227576285,-0.3200783151527093,-3.3713289842932093,17.30280831309914
10.222420454025269,0.9236981112140684,0.351534784779254,-9.843855614232156,37.31503770644228
10.237431526184082,0.8320259505390132,0.6653758381232762,-6.106969555884221,20.90730429003741
10.25241994857788,0.7498340581427125,0.9396765745267378,-5.483692028208783,18.30084108898268
10.29942798614502,0.4612993307866527,1.7263753711963166,-4.508275972278372,10.614757871069877
10.316428661346436,0.2942864718174879,2.0142218541892416,-9.823895638877564,16.931473578705262
10.332427740097046,0.1986823521116483,2.128611427778604,-5.97560154531975,7.149760018838487
10.349422693252563,0.0903407102774364,2.2340056600860017,-6.374930300942767,6.201501783673965
10.364428281784058,-0.0216446783501283,2.3142531798319217,-7.462912127206926,5.347842210753303
10.379430294036863,-0.2715128036672188,2.4149305963014296,-16.6556406638268,6.7109274924546325
10.394428730010986,-0.4000921857435178,2.428461472592674,-8.572852682650051,0.9021524854052112
10.40942120552063,-0.5281129944695891,2.409107000376798,-8.539004025300889,-1.2909457283039578
10.430427312850952,-0.745097884920672,2.2902540867986008,-10.32960971963928,-5.658017057098111
10.4464271068573,-0.8243236005305477,2.1842703863581807,-4.951670976416582,-6.624066559755254
10.464428663253784,-0.9130445478351332,1.8902010578061887,-4.928515365588737,-16.33577242295685
10.479428052902222,-0.9104047651499892,1.6824591578764565,0.1759926735031491,-13.850023554216614
10.494428634643556,-0.8817171949867173,1.4428935322648904,1.91243050822658,-15.970422330452728
10.509427785873411,-0.814655974029559,1.155574881665955,4.471001053957063,-19.15566062344768
10.525424242019652,-0.5380587420134535,0.3042226529439285,17.291156834203946,-53.22130232714864
10.54242730140686,-0.3321712400672609,-0.2673100804615148,12.108850369663514,-33.61352333071658
10.558424949645996,-0.152210773149754,-0.7591634536451355,11.249182644062756,-30.745354931631663
10.57542872428894,0.0903407102774364,-1.454437305888849,14.264567045872754,-40.88938290723672
10.590428352355955,0.1809751150410469,-1.7152400604038864,6.042443476509313,-17.387281427899495
10.605427742004396,0.2541049877015796,-1.9441744208967624,4.875523229583592,-15.262911748994032
10.620428562164308,0.3169645969517209,-2.1524242482778004,4.190411496174458,-13.882562763972098
10.637433052062988,0.4189820133142506,-2.483488012053676,5.99943996970113,-19.469197003171654
10.654425144195557,0.4612993307866527,-2.6257354744053902,2.490412430809116,-8.371391894649157
10.671433925628662,0.5373499207696135,-2.865901684319234,4.471254468291177,-14.120130290250566
10.68742847442627,0.5611763372781732,-2.961703865803188,1.489658558678678,-5.989677026605709
10.703421592712402,0.5795913086930758,-3.050040126846861,1.1514309520782935,-5.523391965422257
10.72142219543457,0.5895642888995397,3.0889219815534354,0.5540359042634732,-8.012131649440684
10.737422704696655,0.5833984477550381,3.033675581938713,-0.3853528061830037,-3.452790077478048
10.754421472549438,0.5634539646031883,2.982175973809503,-1.1732899304571842,-3.0296082972141902
10.772429704666138,0.4912903356435305,2.900443555274697,-4.007257819202569,-4.538614229600848
10.789425611495972,0.4413319399215877,2.8648192160660773,-2.939436902198573,-2.0960540420288782
10.80742335319519,0.3182418883977597,2.8023593063297505,-6.8391942489746445,-3.4704303895548203
10.823420524597168,0.2434089230497668,2.766474816278834,-4.677887325676973,-2.243177193593148
10.839427471160889,0.1619641685956926,2.72594492749094,-5.088088107863525,-2.5320187473951856
10.85542106628418,-0.0125142453779484,2.6254823955913533,-10.90926790559761,-6.281422727357038
10.871430397033691,-0.0978209148999353,2.553633896710399,-5.328559379322506,-4.4879139550006375
10.886430740356444,-0.1793932006305109,2.469169182837593,-5.438027915457056,-5.630852044878301
10.90543270111084,-0.3180806673289212,2.2410713882852766,-7.298587155872133,-12.00390830717642
10.920427799224854,-0.3619920276190027,2.089750182648505,-2.9283809919885817,-10.091378161464256
10.935428142547607,-0.3901289094409462,1.912820311605693,-1.875749188971088,-11.795054768808434
10.952421426773071,-0.3619920276190027,1.448531216789998,1.6557647979418446,-27.3219166263325
10.968424320220947,-0.3039805676216276,1.1424936541725228,3.625060692075955,-19.12388929003928
10.984426736831663,-0.2021691688716963,0.7523344741385236,6.362251479051115,-24.381266250291617
11.000433444976808,0.1348533834233339,-0.3224296409847167,21.055081984319447,-67.14460620995676
11.017429113388062,0.280197002420784,-0.8068617719796107,8.551803640814772,-28.50327031998889
11.032427787780762,0.3691647156545256,-1.1648765975975637,5.9317050896872505,-23.869764503468225
11.04742693901062,0.4231230261093208,-1.4548566275956554,3.597424256072692,-19.33309595684564
11.06442403793335,0.433123094378381,-1.9005290432576796,0.5883397110601932,-26.220499020926763
11.07942795753479,0.4031657563029182,-2.071226227325515,-1.9966341376947123,-11.376839426108909
11.095431566238403,0.3508077072531327,-2.210093943376992,-3.271640166880865,-8.677275146081499
11.112427711486816,0.2030927320795401,-2.418209503821944,-8.69108689144585,-12.244868315913198
11.129427433013916,0.1170895129423824,-2.4896380233577062,-5.0590957622487,-4.201746447545999
11.14442753791809,0.032106982699854,-2.5458150152047727,-5.665462394124738,-3.745106597983285
11.160421133041382,-0.1382396263555948,-2.610750952239074,-10.650926682980614,-4.060121350686007
11.20842218399048,-0.3960261952347918,-2.6428438862050374,-6.495892403934841,-0.5492768187541678
11.2234206199646,-0.4300169299741684,-2.644306174718974,-2.266285284547373,-0.0974960666871841
11.240422248840332,-0.4560022163312324,-2.6403283887182107,-1.528399810806046,0.2339649941683413
11.255421161651611,-0.4699240040372686,-2.639639986121008,-0.9281864546586938,0.0458968330481424
11.272422552108765,-0.4560022163312324,-2.6403283887182107,0.8188617125829618,-0.0404909586035232
11.28942346572876,-0.4300169299741684,-2.644306174718974,1.5284641130405028,-0.2339748374513641
11.306421995162964,-0.3420935615285376,-2.6442351876033547,5.1724102832515095,0.0041760739300305
11.322427749633787,-0.2856334543509475,-2.637829265709988,3.527488021917609,0.4002261752198591
11.339422464370728,-0.2162513382109485,-2.624860040488673,4.082570211619681,0.7631328576010998
11.356431484222412,-0.0573537906866035,-2.5830478606716696,9.341957908797887,2.4582356997403454
11.371421575546265,0.032106982699854,-2.549465560237772,5.967993887008934,2.2402999226869897
11.385428190231323,0.1170895129423824,-2.492628609806708,6.0673140622039545,4.057864923755913
11.406426906585692,0.280197002420784,-2.3347706012387937,7.767498104447547,7.517507542077068
11.421428680419922,0.3508077072531327,-2.222704754807281,4.706823713822503,7.470173038858898
11.436425924301147,0.3973790148139866,-2.083057415878323,3.105324413584716,9.311533508085205
11.453423261642456,0.4413319399215877,-1.7190135219658798,2.585871200001572,21.417701290643222
11.470433712005615,0.4231230261093208,-1.480763715188724,-1.0704545396225014,14.00608459451205
11.48442816734314,0.3733661206143699,-1.2006296538759176,-3.555472813688846,20.01750368673952
11.49942183494568,0.2856499685066797,-0.8398141378255887,-5.850213198859779,24.064526813254652
11.516421556472778,-0.0303279614528561,0.1806393436000367,-18.5872415295644,60.02765867657887
11.531421899795532,-0.1881234697643184,0.6915835899712617,-10.519459782770667,34.06217013687797
11.54742431640625,-0.2898765412994841,1.077445234828934,-6.35860657864735,24.11271086388526
11.564422607421877,-0.386046486636139,1.6345734186892251,-5.65762436048745,32.77554098515983
11.580421447753906,-0.386046486636139,1.8419607391615955,0.0,12.962647052434194
11.596429109573364,-0.3661188807234394,2.0178407857207525,1.2448792420437558,10.987241518643728
11.611431121826172,-0.2715128036672188,2.284134897504055,6.306225822373603,17.750559544668125
11.626423835754396,-0.2021691688716963,2.3812489956648357,4.6251556007473935,6.47741954029886
11.641430377960203,-0.1294238343207149,2.460019878419057,4.847574714634415,5.249102802890967
11.657421588897703,-0.0529001443524207,2.5211756092098474,4.785359299391346,3.8243339438027095
11.674429655075071,0.10372874696381,2.6018590242679016,9.20909465443223,4.74383238027471
11.69142484664917,0.170800814626374,2.6252690027978214,3.946532015843368,1.377447169562962
11.707420587539673,0.2899732272688897,2.652463304909742,7.450259006962992,1.7000964380503605
11.722421884536743,0.3366641241787642,2.6594343680193213,3.112457337455093,0.4646973598976687
11.738421440124512,0.3691647156545256,2.663154888822844,2.031343389350618,0.2325390091689301
11.754425287246704,0.3932124553241422,2.6658513763529226,1.502622431094694,0.1684899580388484
11.770429849624634,0.4073199165487743,2.664876077701744,0.8814649780169183,-0.0609387890870283
11.78742218017578,0.3973790148139866,2.666058192494737,-0.5850228551560573,0.0695675492796935
11.804420471191406,0.3775548480272588,2.6684148618463595,-1.1662446988644446,0.1386415463446094
11.82142210006714,0.3040985032876041,2.660821012344792,-4.320547476748178,-0.446654232783924
11.836425065994264,0.2477616473342461,2.6552216837473464,-3.7550479169926,-0.3732147779741833
11.855424165725708,0.1215362323222669,2.619609667520902,-6.643757693585034,-1.874405457617705
11.873425722122192,0.045497971782276,2.593128914133387,-4.223982574908959,-1.4710257715653352
11.8914315700531,-0.1066787153102436,2.4967658507670123,-8.451514623274061,-5.351764811973178
11.908421993255615,-0.1837624244682637,2.426585978695523,-4.536891650033264,-4.130554679832951
11.925420761108398,-0.2531124215955116,2.338910054538323,-4.079707289837082,-5.157781135462997
11.94043779373169,-0.3561748966458444,2.09713875099563,-6.86303863324407,-16.0998054414367
11.95642375946045,-0.386046486636139,1.935417814345644,-1.8686134136115264,-10.116432087617932
11.973422765731812,-0.3960261952347918,1.7473290915899795,-0.5870759995815328,-11.064689297310952
11.990421772003174,-0.3321712400672609,1.2467723314145114,3.7563934119552234,-29.446236573177853
12.008423805236816,-0.2518794256409162,0.9076537661482345,4.460152549673871,-18.8377924240538
12.02742052078247,0.0499604491332245,-0.0765630955600856,15.889055876461232,-51.80984361970248
12.044421911239624,0.2118926809226519,-0.5915058023547742,9.524646363338745,-30.28827013251889
12.064423084259031,0.3932124553241422,-1.3088778127883811,9.065457022222503,-35.86649691682922
12.080421924591064,0.4313621805223226,-1.564388440133004,2.3845306538750157,-15.9705717440698
12.097423791885376,0.4372348308392516,-1.7751737429200365,0.3454120782894174,-12.39777367616303
12.115423440933228,0.3832786109434843,-2.100333400233543,-2.997626217729366,-18.064777621445774
12.131423711776732,0.3267982569526677,-2.218344072828075,-3.529962370214549,-7.375542186051796
12.149434328079224,0.1891203485956046,-2.3890486142252354,-7.644264140923763,-9.477995562736949
12.165421962738035,0.112639243972053,-2.444325793491486,-4.783766095217221,-3.4574957738215497
12.180423021316528,0.032106982699854,-2.483071995663793,-5.368438557240724,-2.5828978648121588
12.197423696517944,-0.1110997642929631,-2.5175523936695905,-8.423591727750273,-2.028178151590448
12.212422370910645,-0.1750159425047514,-2.516682830991045,-4.261455148522732,0.0579759687941845
12.228423357009888,-0.2292272678513319,-2.5115570962874143,-3.3879990277064644,0.3203386761190495
12.244422912597656,-0.3096652712157389,-2.4769631283278253,-5.027514853343849,2.162183053761546
12.261422872543337,-0.3321712400672609,-2.4558672688393464,-1.3238836399283955,1.2409358349012676
12.277421474456789,-0.3478803030174693,-2.4248229328225124,-0.981902233407015,1.9404405575421493
12.29242181777954,-0.3420935615285376,-2.355417748226939,0.3857739362641019,4.626906404888281
12.309427976608276,-0.3238020673608273,-2.3146897761311203,1.0755805794782525,2.394895432059634
12.324420928955078,-0.2955222539676838,-2.265905889165471,1.886207115116727,3.2537879022910103
12.342424392700195,-0.2249115491353355,-2.147362333015873,3.922062211584087,6.584486064896764
12.360422372817991,-0.1837624244682637,-2.0665792896468136,2.2863190423452147,4.488450528355374
12.376428365707396,-0.1426378705283723,-1.9774486746412607,2.5693222672312443,5.568577695955111
12.39142608642578,-0.075132884337508,-1.7334927339225454,4.501016351645925,16.26620106478452
12.406428337097168,-0.0529001443524207,-1.5748723371483837,1.4819603052954602,10.5731066790327
12.422427654266356,-0.0484432936783619,-1.3786424150309384,0.2785650554288346,12.26489356029102
12.437424421310425,-0.061804059656934,-1.1497262462308857,-0.8909097500355943,15.264367855244531
12.455424070358276,-0.1837624244682637,-0.4908517803980191,-6.775596817866102,36.60485068799216
12.472421407699583,-0.2941078277539181,-0.0486721308889342,-6.491922885914733,26.01464221307513
12.489421606063845,-0.4738354305308204,0.7760534386131703,-10.572088567788237,48.51270272446084
12.50442099571228,-0.4959330374792897,1.0516502125483735,-1.4732337425990678,18.373865896864167
12.51842761039734,-0.4859632780800245,1.2673691558920848,0.7117893669125012,15.4012192235021
12.53542137145996,-0.4399968771205049,1.424416893550185,2.7048986266273363,9.24149380936797
12.55442476272583,-0.2757741980800197,1.6020673609864533,8.641756449830922,9.348356035553278
12.570428133010864,-0.174119617677563,1.6338161801794966,6.352073256564004,1.9838833088011296
